1
0.923077
1
0.846154
1
0.916667
1
0.916667
0.8
1
0.933333
0.875
0.857143
1
0.857143
0.933333
1
0.882353
1
1
0.9375
0.888889
1
0.933333
0.9375
1
0.9375
0.923077
0.923077
0.785714
0.928571
1
0.933333
1
0.777778
0.944444
0.857143
1
0.894737
1
0.826087
0.92
0.958333
0.875
1
1
0.875
0.888889
0.933333
1
0.857143
1
1
1
1
0.777778
0.9
1
0.888889
1
0.8
0.9
0.916667
1
0.857143
0.857143
0.857143
0.866667
0.875
0.9375
0.875
1
1
0.941176
1
1
1
1
1
1
1
0.833333
0.636364
0.5625
0.652174
0.863636
0.9
0.818182
1
0
0
0
0
0
0
0
0
0
0
0
0
0
0
0
0
0
0
0
0
0
0
0
0
1
1
0
0
0
0
0
0
0
0
0
0
0
0
0
0
0
0
0
0
0
0
0
0
0
0
0
0
0
0
0
0
0
0
0
0.333333
1
1
1
0.5
1
1
1
0
0
0
0
0
0
0
0
0
0
0
0
0
0
0
0
0
0
0
0
0.5
0
0.666667
0
0
0.111111
0.0588235
0.0454545
0
0
0
0
0
0
0
0
0
0
0
0
0
0
